<?xml version="1.0"?>
<opencv_storage>
<TransformationMatrix type_id="opencv-matrix">
  <rows>4</rows>
  <cols>4</cols>
  <dt>d</dt>
  <data>
     9.9450843572257286e-01   4.8670017449869235e-02   9.2650961560421352e-02  -6.5070028928281118e-01
	-8.9755446822170917e-02   8.5193102503025009e-01   5.1590453415012738e-01  -8.0446281094662595e-01
	-5.3823145972654696e-02  -5.2138733969318518e-01   8.5162099020941795e-01   4.3432328153767834e+00
	0. 0. 0. 1.</data></TransformationMatrix>
<ProjectionMatrix type_id="opencv-matrix">
  <rows>3</rows>
  <cols>4</cols>
  <dt>d</dt>
  <data>
    7.6774701428854041e+02 0. 4.1275976323752963e+02 0. 0.
    7.5786196376239582e+02 2.9186515886361138e+02 0. 0. 0. 1. 0.</data></ProjectionMatrix>
<width>800</width>
<height>600</height>
</opencv_storage>
