<?xml version="1.0"?>
<opencv_storage>
<TransformationMatrix type_id="opencv-matrix">
  <rows>4</rows>
  <cols>4</cols>
  <dt>d</dt>
  <data>
    -9.9441261647191015e-01   6.4613186710484410e-02   8.3478645800023843e-02   6.6400336928692800e-01
	 9.7550614434421742e-03  -7.3116440285450168e-01   6.8213155239635004e-01   8.2168124716705364e-01
	 1.0511130756357484e-01   6.7913456111549486e-01   7.2644880130724898e-01   3.1893143692577496e+00
	 0. 0. 0. 1.</data></TransformationMatrix>
<ProjectionMatrix type_id="opencv-matrix">
  <rows>3</rows>
  <cols>4</cols>
  <dt>d</dt>
  <data>
    7.6774701428854041e+02 0. 4.1275976323752963e+02 0. 0.
    7.5786196376239582e+02 2.9186515886361138e+02 0. 0. 0. 1. 0.</data></ProjectionMatrix>
<width>800</width>
<height>600</height>
</opencv_storage>
